D 2
F 2
M 5
S 4
sd 
8381.98 1537.27 
sf 
1919.06 7542.2 
sm 
9946.87 5883.75 1460.29 7781.25 9075.61 
ss 
1388.15 7625.45 1335.61 203.825 
cd 
13.5768 5.79125 
2.14284 12.1835 
cf 
3.42607 19.0024 15.9111 12.7017 17.6313 
14.5118 13.8423 18.0858 5.69826 12.473 
cm 
5.05238 12.6811 2.69363 12.4219 
3.74486 11.4865 11.5613 11.1467 
8.04769 18.4748 5.30503 16.4956 
16.7998 13.7728 8.03204 8.07787 
15.071 19.362 12.1293 11.1693 
ud 
2.75743 3.55178 
uf 
4.02694 4.68842 
um 
2.14418 1.68276 3.94603 4.21487 4.72441 
p 
275.779 494.192 264.713 171.309 
minmaxxd 
136.876 146.663 127.863 138.359 
131.053 143.153 135.385 143.552 
minmaxxf 
39.2498 51.7259 39.6663 53.2132 39.3746 53.5258 41.6541 45.0629 35.1097 50.3202 
41.4346 48.5157 39.4413 48.4395 34.9159 48.1199 40.7005 47.4991 33.8487 48.8694 
minmaxxm 
6.05832 15.3714 2.30665 13.6777 2.17012 12.5731 5.6841 16.3188 
5.57847 13.1226 6.20532 11.0334 1.26126 15.9061 0.32452 17.7699 
3.31301 11.4707 7.52941 14.8696 1.79622 13.9321 5.18026 10.4904 
1.04362 19.2377 1.02272 18.7448 9.87379 13.5558 2.5481 15.6711 
4.17663 11.6622 9.75008 16.4392 1.72992 15.9286 5.15676 16.4516 
